 -1.828311219994146 -1.856595962861284
 -1.085994733849898 -1.049183111829375
 -1.267376492677165 -1.442474415714823
 -1.783203815573481 -1.108482550752375
 -1.990320571499088 -1.2783193679114
 -1.649341615770612 -1.051583237344857
 -1.009693905111739 -1.324885428505387
 -1.180884874186865 -1.66718034886001
 -1.459612262532634 -1.599439029430919
 -1.515058167041756 -1.425116651618981
 -1.42936054792104 -1.415720406814806
 -1.952071581237704 -1.852581413704095
 -1.831105442967961 -1.740903412852106
 -1.209839206278603 -1.08716389796155
 -1.557833601312255 -1.734935983686348
 -1.149141833190029 -1.330400143765034
 -1.700321764750165 -1.65149058744084
 -1.984280379322455 -1.788688828066754
 -1.361068321680849 -1.79431510895232
 -1.544201151026055 -1.934976927281681
 -1.911624602003285 -1.476172808840691
 -1.975189462539416 -1.503777331219412
 -1.183861799386789 -1.811286127055288
 -1.655303229187504 -1.981260085268944
 -1.902823695743192 -1.245642158673642
 -1.866369893246389 -1.540454525255417
 -1.443360991138909 -1.094264089126773
 -1.456911822806174 -1.771494089149703
 -1.53921405610426 -1.050358205842339
 -1.456554066072939 -1.460598045285209
 -1.840879100308316 -1.304943983644427
 -1.68610659688518 -1.393483809073698
 -1.388382323363921 -1.72662290977595
 -1.920790622056999 -1.181439786834903
 -1.195947076787325 -1.937764462289751
 -1.302118000655879 -1.049966030591035
 -1.906230978824358 -1.234457591309027
 -1.701386957944153 -1.679354027885751
 -1.157994239738808 -1.471288382889119
 -1.958232202116604 -1.684145584748149
 -1.417157943369709 -1.669216602532269
 -1.885228120534931 -1.18642059522272
 -1.313667230378742 -1.186116984256524
 -1.065274254652204 -1.909025724043724
 -1.826191336277306 -1.855310837292722
 -1.023141027462047 -1.161297616213937
 -1.740040763743296 -1.33279205196038
 -1.059135999767003 -1.362005587555177
 -1.521193864784402 -1.391453386732989
 -1.662325837346404 -1.549382614182299
 -1.846252303098532 -1.26737110332551
 -1.292960160013043 -1.769221534769936
 -1.735344592405395 -1.516399827726615
 -1.945236230309991 -1.074357347308052
 -1.85642633713113 -1.900718235249446
 -1.234409094508152 -1.741573122622274
 -1.564386669501599 -1.19485122955327
 -1.192163886035316 -1.221087898810187
 -1.710127259750307 -1.671680742399216
 -1.066348716841525 -1.362077229316745
 -1.129930166660441 -1.585386702986888
 -1.314079871811004 -1.284998348021785
 -1.652397100051003 -1.231137776777656
 -1.387406390459532 -1.356664964107919
 -1.362712126319234 -1.08702053712486
 -1.639930313592464 -1.679851137673999
 -1.372274660169069 -1.125527159565353
 -1.429127889316252 -1.280108384214274
 -1.973430910467112 -1.13908071372752
 -1.154377071608309 -1.772315894871092
 -1.489765046281562 -1.432086522155819
 -1.960397642278772 -1.671710524654164
 -1.514202140474689 -1.416168665448007
 -1.85527244492193 -1.675655105202485
 -1.812649990098697 -1.323254609697605
 -1.036488526401219 -1.585093917213936
 -1.904743071135038 -1.598009936388063
 -1.958274920129805 -1.87317928032781
 -1.148303407406288 -1.381806357948564
 -1.967133763726523 -1.179994892099784
 -1.331561991364174 -1.54391628188811
 -1.785591094017498 -1.987076233265747
 -1.270249995802128 -1.789144563359219
 -1.259214784471583 -1.917650552516524
 -1.740510357420076 -1.921440678971021
 -1.865428967225428 -1.151623730698848
 -1.61731431495052 -1.090915161735362
 -1.570784559138174 -1.532665594621497
 -1.161466691670458 -1.038210981358276
 -1.329610325798561 -1.253908678642515
 -1.007782260200089 -1.336677574565166
 -1.984257804415011 -1.355324987893973
 -1.903828501468315 -1.858802431426356
 -1.07529422182729 -1.695214531071053
 -1.066662059083767 -1.24460852144546
 -1.642681345802327 -1.084104172113735
 -1.590847354675329 -1.223305652495888
 -1.954146073828986 -1.767104727502561
 -1.993041131329585 -1.563281324759046
 -1.921930134952236 -1.304344380985044
 2.751724901558827 2.024233111708724
 2.322730505683531 2.241848268212259
 2.047752553441259 2.616288952242001
 2.925713959256633 2.366017485052553
 2.831197510794543 2.940257688534591
 2.328406383503962 2.821805060689255
 2.765197699750503 2.822981042663791
 2.268594820375349 2.313181494915422
 2.828732658070987 2.642523329565782
 2.159721043204389 2.394387054074639
 2.684391321293896 2.577519040176709
 2.835452292435266 2.811777826946627
 2.791246401674342 2.313490089824418
 2.569656124606546 2.386651373437037
 2.396471665660893 2.775997668917756
 2.860823026121002 2.23402242628255
 2.213762149292853 2.941722907023578
 2.501162447903975 2.656456795164426
 2.511362532432261 2.506121849151117
 2.781178732836436 2.443576303461986
 2.633723961785279 2.745191010992365
 2.250232563771076 2.047158956180062
 2.583914711149022 2.833183509865963
 2.67550710341364 2.455581399412704
 2.058319260978831 2.855470795762714
 2.069700894378611 2.578854070589306
 2.912151645642219 2.479193431349646
 2.293140067712947 2.89611715374493
 2.165412625316167 2.771135644095374
 2.615443626332487 2.930087888064423
 2.911786145324378 2.074269867283119
 2.040425635239104 2.935245560160254
 2.500130299818036 2.230510199164135
 2.496382860321726 2.082572885518706
 2.40910589263811 2.758667248695825
 2.113071932458019 2.480675582214475
 2.273995848178856 2.701314502953378
 2.973337151393377 2.317651123920381
 2.679937137652858 2.29922679174027
 2.163209304046393 2.464993333669527
 2.204287997362289 2.90916606809687
 2.196410853523281 2.919533658764058
 2.694732244160376 2.913718844747262
 2.580237330200808 2.724614902826207
 2.953741219275496 2.423941167741792
 2.448105865728424 2.840706689199204
 2.181691857089342 2.836278300823836
 2.391533611226716 2.808251776082873
 2.157306608501823 2.524818169797237
 2.854654398517695 2.772964637800126
 2.946117049887155 2.219661750513579
 2.55469398637673 2.457125869973857
 2.697791025595873 2.767421970300534
 2.047818520510452 2.564993794549968
 2.700316111958296 2.761560489408439
 2.695667244129931 2.262987496610133
 2.842532246091746 2.492160136407468
 2.09475114998928 2.172183753796267
 2.152448063001036 2.158945632128283
 2.070937966720605 2.387163515902509
 2.945280371063942 2.665638653270682
 2.813993976816044 2.507509949465701
 2.399858965250981 2.157952574095086
 2.029781102275398 2.753381998309511
 2.562744281600444 2.201497007632064
 2.021676472409542 2.338723564035305
 2.102620378073811 2.902320109174698
 2.467336669310405 2.39326893574245
 2.647507161870512 2.067223595845185
 2.701974763575758 2.009399366294221
 2.536490906431851 2.053093674834515
 2.656725046892588 2.300666573506456
 2.171832126378875 2.871722916818757
 2.737081448331229 2.488824440860137
 2.776818652651904 2.346837820979397
 2.471916488369902 2.513547852511549
 2.544726913994782 2.630078863927345
 2.233689526156614 2.120726741728054
 2.850528160387334 2.303055940477043
 2.999381105283444 2.218987028340308
 2.188747743555429 2.63458051055445
 2.597420101006496 2.295910599288131
 2.667880181266036 2.892531204316894
 2.878738379713349 2.152053540492692
 2.366548739270547 2.570902609612563
 2.272998097548774 2.954013649849204
 2.884357238918161 2.898308137766064
 2.756330996559919 2.374202844055251
 2.716848707262527 2.192837961952541
 2.304507681675858 2.568031604229887
 2.313371575584686 2.250085356142067
 2.348288756932776 2.748811739942852
 2.611275493796167 2.6832248927169
 2.166082403478365 2.085758337216251
 2.164355820171752 2.000487368052777
 2.151414771902159 2.653646477809928
 2.322770142541114 2.845338805330822
 2.439677235845882 2.090414149302408
 2.779292513483894 2.299612260936354
 2.672707773361741 2.051263272792037